GeneID.x	Plate	Well	Score	RSARank	ScoreRank	PValue	RSAHit	#HitWell	#TotalWell	%HitWell	GeneID.y	GeneSymbol	siRNAID	Flag
51755	4	C20	3.18	1	41	1.1606535622078076e-4	1	3	3	100	51755	CRKRS	s28622	TRUE
51755	2	C20	2.38	2	99	1.1606535622078076e-4	1	3	3	100	51755	CRKRS	s28621	TRUE
51755	6	C20	2.31	3	111	1.1606535622078076e-4	1	3	3	100	51755	CRKRS	s28623	TRUE
7272	1	F18	7.14	4	1	2.3419756164955993e-4	1	3	3	100	7272	TTK	s120	TRUE
7272	3	E17	2.55	5	78	2.3419756164955993e-4	1	3	3	100	7272	TTK	s224757	TRUE
7272	5	E17	2.07	6	140	2.3419756164955993e-4	1	3	3	100	7272	TTK	s224756	TRUE
5754	1	G19	2.69	7	63	7.512970708424661e-4	1	3	3	100	5754	PTK7	s11490	TRUE
5754	5	H20	2.61	8	74	7.512970708424661e-4	1	3	3	100	5754	PTK7	s224470	TRUE
5754	3	H20	1.6	9	205	7.512970708424661e-4	1	3	3	100	5754	PTK7	s11491	TRUE
6790	5	G01	3.06	10	44	0.0010610497442360442	1	3	3	100	6790	AURKA	s197	TRUE
6790	3	G01	2.09	11	137	0.0010610497442360442	1	3	3	100	6790	AURKA	s196	TRUE
6790	1	H02	1.45	12	230	0.0010610497442360442	1	3	3	100	6790	AURKA	s195	TRUE
5347	3	I05	6.9	13	2	0.0013122765736006154	1	3	3	100	5347	PLK1	s449	TRUE
5347	5	I05	3.02	14	47	0.0013122765736006154	1	3	3	100	5347	PLK1	s450	TRUE
983	1	J08	5.11	15	5	0.00136261612500706	1	3	3	100	983	CDC2	s463	TRUE
983	5	I07	1.94	16	153	0.00136261612500706	1	3	3	100	983	CDC2	s465	TRUE
983	3	I07	1.35	17	249	0.00136261612500706	1	3	3	100	983	CDC2	s464	TRUE
8295	4	A13	3.02	18	48	0.0014242684054962661	1	2	3	67	8295	TRRAP	s15797	TRUE
8295	6	A13	2.92	19	50	0.0014242684054962661	1	2	3	67	8295	TRRAP	s224897	TRUE
2185	3	M02	3.66	20	26	0.001481957044782794	1	2	3	67	2185	PTK2B	s223513	TRUE
2185	1	N01	2.9	21	51	0.001481957044782794	1	2	3	67	2185	PTK2B	s223514	TRUE
4833	1	G16	4.26	27	12	0.0036409615648093363	1	2	3	67	4833	NME4	s9594	TRUE
4833	5	H15	2.52	28	80	0.0036409615648093363	1	2	3	67	4833	NME4	s9596	TRUE
118788	2	D04	4.43	29	9	0.004001346288016261	1	3	3	100	118788	PIK3AP1	s42242	TRUE
118788	4	D04	1.52	30	217	0.004001346288016261	1	3	3	100	118788	PIK3AP1	s42243	TRUE
118788	6	D04	1.02	31	359	0.004001346288016261	1	3	3	100	118788	PIK3AP1	s42244	TRUE
57787	2	J03	2.34	32	105	0.006361536863443409	1	2	3	67	57787	MARK4	s33717	TRUE
57787	4	J03	2.33	33	106	0.006361536863443409	1	2	3	67	57787	MARK4	s33718	TRUE
23654	6	I22	3.55	40	30	0.007092706485770722	1	2	3	67	23654	PLXNB2	s24288	TRUE
23654	2	I22	2.3	41	112	0.007092706485770722	1	2	3	67	23654	PLXNB2	s24286	TRUE
5362	5	P13	3.49	42	35	0.007344946856126664	1	2	3	67	5362	PLXNA2	s10701	TRUE
5362	3	P13	2.3	43	113	0.007344946856126664	1	2	3	67	5362	PLXNA2	s10700	TRUE
984	1	D05	2.55	44	79	0.0075305211360918705	1	3	3	100	984	CDK11B	s2732	TRUE
984	3	C06	2.13	45	133	0.0075305211360918705	1	3	3	100	984	CDK11B	s2733	TRUE
984	5	C06	0.83	46	443	0.0075305211360918705	1	3	3	100	984	CDK11B	s2734	TRUE
5288	3	N11	4.04	53	16	0.011633219430232775	1	2	3	67	5288	PIK3C2G	s10515	TRUE
5288	5	N11	2	54	144	0.011633219430232775	1	2	3	67	5288	PIK3C2G	s10516	TRUE
51727	2	C18	2.28	61	116	0.013101710036732779	1	3	3	100	51727	CMPK1	s28582	TRUE
51727	4	C18	1.94	62	154	0.013101710036732779	1	3	3	100	51727	CMPK1	s28583	TRUE
5313	5	P07	3.03	75	45	0.015915940290390337	1	2	3	67	5313	PKLR	s10570	TRUE
5313	1	O08	1.82	76	169	0.015915940290390337	1	2	3	67	5313	PKLR	s10568	TRUE
6793	3	N10	2.48	77	86	0.017612124424196754	1	3	3	100	6793	STK10	s13577	TRUE
6793	1	M09	1.76	78	176	0.017612124424196754	1	3	3	100	6793	STK10	s13576	TRUE
1021	3	E05	2.63	84	70	0.01938883718917049	1	2	3	67	1021	CDK6	s52	TRUE
1021	5	E05	1.71	85	187	0.01938883718917049	1	2	3	67	1021	CDK6	s53	TRUE
660	5	O21	2.4	87	96	0.019998838169118616	1	3	3	100	660	BMX	s2049	TRUE
660	1	P22	1.69	88	189	0.019998838169118616	1	3	3	100	660	BMX	s2047	TRUE
26576	6	K22	1.97	89	148	0.020204136469563712	1	2	3	67	26576	SRPK3	s25547	TRUE
26576	4	K22	1.69	90	190	0.020204136469563712	1	2	3	67	26576	SRPK3	s25546	TRUE
23049	6	G18	2.15	97	131	0.020825910641202986	1	2	3	67	23049	SMG1	s223562	TRUE
23049	2	G18	1.68	98	192	0.020825910641202986	1	2	3	67	23049	SMG1	s223560	TRUE
23729	6	K06	2.42	99	94	0.021668622097876837	1	2	3	67	23729	SHPK	s24336	TRUE
23729	4	K06	1.67	100	198	0.021668622097876837	1	2	3	67	23729	SHPK	s24335	TRUE
64398	2	J17	3.82	105	22	0.022526905562760886	1	3	3	100	64398	MPP5	s34686	TRUE
64398	6	J17	1.65	106	202	0.022526905562760886	1	3	3	100	64398	MPP5	s34688	TRUE
85443	4	P21	1.86	107	164	0.02296186586816313	1	2	3	67	85443	DCLK3	s40004	TRUE
85443	2	P21	1.61	108	204	0.02296186586816313	1	2	3	67	85443	DCLK3	s40003	TRUE
2011	3	I20	2.43	113	92	0.023843381764650968	1	3	3	100	2011	MARK2	s4649	TRUE
2011	1	J19	1.6	114	206	0.023843381764650968	1	3	3	100	2011	MARK2	s4648	TRUE
5313	3	P07	-2.5	1021	1021	0.015915940290390337	0	2	3	67	5313	PKLR	s10569	TRUE
23654	4	I22	-1.97	1021	1021	0.007092706485770722	0	2	3	67	23654	PLXNB2	s24287	TRUE
26576	2	K22	-1.51	1021	1021	0.020204136469563712	0	2	3	67	26576	SRPK3	s25545	TRUE
23729	2	K06	-1.32	1021	1021	0.021668622097876837	0	2	3	67	23729	SHPK	s24334	TRUE
5288	1	M12	-1	1021	1021	0.011633219430232775	0	2	3	67	5288	PIK3C2G	s10514	TRUE
85443	6	P21	-0.94	1021	1021	0.02296186586816313	0	2	3	67	85443	DCLK3	s40005	TRUE
5362	1	O14	-0.82	1021	1021	0.007344946856126664	0	2	3	67	5362	PLXNA2	s10699	TRUE
2185	5	M02	-0.78	1021	1021	0.001481957044782794	0	2	3	67	2185	PTK2B	s5008	TRUE
8295	2	A13	-0.51	1021	1021	0.0014242684054962661	0	2	3	67	8295	TRRAP	s224898	TRUE
4833	3	H15	-0.37	1021	1021	0.0036409615648093363	0	2	3	67	4833	NME4	s224123	TRUE
57787	6	J03	-0.14	1021	1021	0.006361536863443409	0	2	3	67	57787	MARK4	s33719	TRUE
1021	1	F06	-0.06	1021	1021	0.01938883718917049	0	2	3	67	1021	CDK6	s51	TRUE
23049	4	G18	-0.01	1021	1021	0.020825910641202986	0	2	3	67	23049	SMG1	s223561	TRUE
6793	5	N10	0.03	1021	1021	0.017612124424196754	0	3	3	100	6793	STK10	s13578	TRUE
2011	5	I20	0.19	1021	1021	0.023843381764650968	0	3	3	100	2011	MARK2	s4650	TRUE
660	3	O21	0.28	1021	1021	0.019998838169118616	0	3	3	100	660	BMX	s2048	TRUE
5347	1	J06	0.44	1021	1021	0.0013122765736006154	0	3	3	100	5347	PLK1	s448	TRUE
64398	4	J17	0.48	1021	1021	0.022526905562760886	0	3	3	100	64398	MPP5	s34687	TRUE
51727	6	C18	0.51	1021	1021	0.013101710036732779	0	3	3	100	51727	CMPK1	s28584	TRUE
